19096
41285
34847
28288
58383
9804
17423
8102
41899
7630
44273
20816
52988
43621
25161
47930
50232
9692
28772
48623
54267
64921
59346
58617
28333
39803
1971
64011
34867
62817
23311
59722
13981
10854
43907
65109
54395
56406
61395
45325
58082
23062
53958
12093
43812
56558
14602
36515
10748
64287
25430
32899
9927
30262
14225
1625
56982
59210
40931
62814
19882
46874
15432
40490
42860
51230
16888
9530
52916
15628
61162
39655
52002
39887
32282
43847
3556
64290
52785
29497
28065
64699
42846
11633
49089
40694
43343
43791
55832
50162
50921
62823
9298
221
58835
48234
6596
31604
49968
60614
43896
27982
57451
44180
9474
14621
41482
11174
28100
48501
23080
61251
29024
59233
1993
12039
28199
9572
44860
17188
31925
46442
21749
15076
2580
22106
34630
17872
14941
25632
43890
25068
22249
5112
51880
38717
62779
27190
45840
11043
27842
41861
60299
34577
19985
30030
11479
54254
51207
35959
64633
28791
31565
41656
17307
47949
64600
63988
41402
7004
54375
59005
3999
39232
60584
44286
42459
46129
99
31644
62027
50082
40361
55155
56589
11674
54298
58551
17995
59378
32987
26658
3651
10658
2649
63651
24474
20431
51169
18589
52281
55912
34049
45691
65085
64564
59631
52600
33744
42061
45990
327
9675
41375
65132
8752
34920
44578
4464
40772
49909
54719
5412
51687
37406
62940
26919
3427
42917
36182
52649
26268
62757
62154
46003
11155
11652
24415
61100
55477
54414
18522
62081
35549
15836
57520
42879
28884
46657
36571
23695
33403
38197
53669
19203
24166
10495
49625
37393
17751
55345
50565
15542
48490
41123
30200
20458
45493
30309
25019
41626
42574
18432
37488
18810
22754
26443
20747
12337
27371
19221
60550
25715
18739
33935
36187
2003
48117
1906
52652
36793
30900
42043
45251
16630
51837
41986
7975
54129
19261
40085
38124
7001
39224
52385
45144
1499
37607
2744
42500
18441
39367
45349
53014
50579
38410
3117
62656
64194
25133
62155
13230
63296
6711
6931
16690
42781
48922
56877
5232
2537
12261
58262
61051
26252
42964
11045
3823
45679
32450
14551
3472
1307
41176
32603
30546
41948
7890
18029
29595
40045
60029
6986
34905
1926
40664
47910
7866
30073
28972
27915
57583
7496
46262
61637
543
41713
54532
48933
46726
31031
14524
962
45255
26470
1784
56631
9590
51622
30983
25961
17504
889
59838
21320
4909
60766
42620
45516
19463
63949
7442
57327
10217
26444
6394
31325
34043
12155
39482
52419
32837
59943
27842
17725
40297
37163
4287
9147
55509
52152
1854
14468
18417
3629
704
9056
8339
44235
26024
51210
29834
52273
30834
59138
37099
34812
46127
17288
39391
28524
49807
62301
42128
42719
37018
20996
39003
13386
11221
15185
34942
45622
34713
16111
58976
24844
43493
15256
60608
12089
53296
31844
25468
18149
38411
65450
27882
16670
1270
58724
26255
41838
14028
15663
8803
29542
7956
6674
22828
46235
27460
14006
21720
42661
49975
51000
30897
47728
6568
49551
42897
63160
1259
51616
9187
62252
6791
40439
37995
38576
8458
58640
29184
22448
14983
19457
32695
11235
21564
13807
44694
32583
38090
43750
12876
9949
57001
39889
48028
6946
63545
64418
4469
63028
31333
6806
18832
27435
16972
21259
65184
46182
1582
38582
19356
59132
39468
8913
25319
8023
60043
24819
3073
5921
16173
17412
36063
15627
52067
48285
52045
17397
11784
55576
12618
3762
27793
60151
58146
12478
14417
28805
37260
6177
19488
19856
64389
37589
18963
3195
34060
20311
22809
57498
4
22020
33159
5958
25817
15524
23081
42358
10282
2144
27993
55117
41790
45447
2940
38166
38151
63826
15854
43242
43813
33130
46988
22779
48084
45198
63123
8038
32101
5320
4818
22725
5097
25385
45984
12763
25702
33891
28298
41400
17555
63002
60121
50140
182
10132
60155
52407
23939
61124
9131
11537
58229
9709
11773
20089
31454
27493
1298
56874
58804
43414
18085
36102
37930
56964
48954
58586
28216
50496
54090
44238
7074
53679
50987
56264
57644
64896
13153
18129
33196
25908
37655
50827
34748
43758
35535
8382
42614
39838
34326
30013
22434
6000
41141
36593
49658
49435
33380
20010
9511
20079
12250
24505
20721
26656
43391
51108
62483
5359
4913
3680
9071
34278
43418
28429
20116
25547
54562
33722
49195
12955
39002
5533
49956
2944
35983
55642
60865
29283
49872
40554
60629
56916
40645
27548
22873
13688
2847
62657
46005
56002
61901
1577
144
28437
25666
58588
50450
21872
22218
7589
14993
48120
48350
60537
40406
3880
30808
55466
64161
37527
12832
39902
58194
30849
25893
8516
11444
24680
46085
52054
12572
8776
58155
6024
55984
18643
23706
48181
62694
32467
5187
1284
8058
29602
39930
14298
27492
42425
39170
24611
51960
64020
825
57942
21432
49327
19221
34227
161
35556
59500
16812
30959
9604
56453
36407
2123
52961
22135
28088
50047
58991
9635
3001
65345
28919
47984
63567
7913
53039
44925
35883
5600
28085
37017
24605
8660
23223
5409
29609
35908
63414
51039
19522
4436
10842
10764
8475
44730
53126
7889
57809
35375
60601
28810
22278
43269
26329
42363
49047
54608
28651
20200
37271
9653
34855
37796
36827
44739
53134
40634
18994
21771
34079
23121
43774
4307
19667
42394
10253
9529
8047
15247
63779
26438
25507
17174
50334
11249
30922
230
7240
26808
7530
9155
63987
65426
22600
27896
61320
46741
30525
5544
43049
33900
64621
54696
37717
20027
61012
11875
32416
229
33410
60506
37362
51262
60174
20435
40109
41336
42252
6683
8831
23765
53253
48164
52433
29653
13441
64959
13392
42737
59357
54906
46281
50856
13974
35413
46963
10622
18900
57769
37874
18879
2494
64627
35469
44243
4678
35505
4317
16539
17329
23861
37250
42065
63907
20708
9740
38820
17181
37379
47998
61108
27021
27129
30003
45712
38355
2147
10852
28055
44315
37996
10097
22704
26130
58750
16568
9004
48767
26353
2150
14889
6844
16659
5744
48946
33147
4055
47383
10090
14244
23547
47208
50839
61297
9115
44792
14917
21560
62090
41285
52077
55036
3612
12967
56967
45111
50012
3603
31995
22092
63002
47384
56837
34619
9065
11243
45621
9417
26359
49476
21085
50487
98
40790
62158
5547
57589
55205
42231
10063
702
37221
28079
64139
33870
32771
37887
9612
39159
16779
48542
12825
26601
36192
35168
15195
38355
5820
22327
